,0,1,2,3,4,5,6,7,8,9,10,11,12
0,0.0,1.0,0.040231614462225875,0.028937991881909188,0.02893799503458803,0.09705882352941168,0.7452431289640591,0.5583333333333332,0.7092469018112489,0.42997542997543,0.052956751985878195,0.012,0.0
1,0.035866780529461996,0.9333333333333333,0.040231614462225875,0.028937991881909188,0.02893799503458803,0.5499999999999998,0.6606765327695558,0.5583333333333332,0.8045757864632982,0.6265356265356266,0.14710208884966167,0.012,0.0
2,0.035866780529461996,1.0,0.040231614462225875,0.028937991881909188,0.02893799503458803,0.5794117647058822,0.6395348837209301,0.5583333333333332,0.8045757864632982,0.5847665847665847,0.1147396293027361,0.012,0.0
3,0.06063193851409052,0.9333333333333333,0.040231614462225875,0.028937991881909188,0.02893799503458803,0.8441176470588234,0.5126849894291754,0.5583333333333332,0.8999046711153483,0.5577395577395577,0.10297146219476316,0.012,0.0
4,0.06063193851409052,1.0,0.040231614462225875,0.028937991881909188,0.02893799503458803,0.8558823529411765,0.4915433403805496,0.5583333333333332,0.8999046711153483,0.4963144963144963,0.0706090026478376,0.012,0.0
5,0.06660973526900085,0.0,0.03098071399261387,0.02495464571450946,0.02495464043397691,0.44529411764705884,0.5179704016913318,0.4854651162790697,0.6329837940896091,0.42342342342342343,0.1676963812886143,0.017368421052631578,0.010808836297724075
6,0.06660973526900085,0.06666666666666667,0.05122418273833949,0.01657552304258735,0.016575525031359343,0.9482352941176471,0.38583509513742065,0.47577519379844957,0.6139180171591992,0.2710892710892711,0.0088261253309797,0.017368421052631578,0.0003784665919070427
7,0.06660973526900085,0.13333333333333333,0.011649113208407422,0.006995653819548676,0.006995639996801265,1.0,0.006342494714587696,0.030038759689922454,0.38989513822688276,0.4537264537264537,0.0005884083553986466,0.017368421052631578,1.0717265531061732e-05
8,0.06660973526900085,0.2,0.0,0.0088489800180112,0.008848969756525198,0.4699999999999999,0.10359408033826638,0.09302325581395349,0.36606291706387,0.4406224406224406,0.0035304501323918797,0.017368421052631578,8.115072545363868e-05
9,0.06660973526900085,0.26666666666666666,0.10137692062189395,0.0569179968415145,0.05691801078397323,0.6764705882352942,0.27801268498942916,0.27228682170542634,0.45662535748331734,0.27436527436527436,0.011768167107972934,0.007263157894736842,0.0017270259645191081
10,0.06660973526900085,0.3333333333333333,0.0703734099302421,0.04360537203565695,0.04360537857406071,0.8423529411764706,0.5496828752642706,0.45542635658914715,0.5805529075309818,0.29074529074529076,0.0023536334215945864,0.006631578947368421,0.0002647288913087207
11,0.06660973526900085,0.4,0.036999042538640406,0.014147926754460383,0.014147944202836594,0.35352941176470576,0.40697674418604646,0.3633720930232557,0.3755958055290752,0.5438165438165438,0.0032362459546925564,0.0050526315789473685,0.00011854282768191711
12,0.06746370623398805,0.4666666666666667,0.03346555418775361,0.02254010101932941,0.02254010343340745,0.5282352941176471,0.6162790697674417,0.6065891472868217,0.7807435653002863,0.41605241605241605,0.004118858487790527,0.003473684210526316,0.00023987346956749222
13,0.06746370623398805,0.5333333333333333,0.0325992796243104,0.0014878815959487855,0.0014878721207074914,0.8447058823529412,0.4545454545454545,0.5184108527131781,0.671115347950429,0.38738738738738737,0.010591350397175639,0.003473684210526316,4.271068753331942e-05
14,0.07258753202391119,0.6666666666666666,0.025235945835043086,0.00046985734608909023,0.0004698543539076289,0.36764705882352944,0.29598308668076106,0.3120155038759689,0.5900857959961869,0.30794430794430794,0.06766696087084435,0.011578947368421053,9.550584295645038e-05
15,0.07258753202391119,0.7333333333333333,0.021292116901472667,0.028937991881909188,0.02893799503458803,0.5676470588235293,0.2906976744186046,0.3478682170542635,0.7855100095328887,0.9107289107289107,0.014416004707266842,0.012,0.0
16,0.07258753202391119,0.8,0.14920439520357454,0.030266644043905565,0.030266658708241596,0.9047058823529411,0.514799154334038,0.628875968992248,0.6091515729265968,0.4537264537264537,0.01971167990585466,0.012,0.0015401163951731505
17,0.07258753202391119,0.8666666666666667,1.0,0.028937991881909188,0.02893799503458803,0.6247058823529412,0.49260042283298094,0.5213178294573643,0.6997140133460438,0.46273546273546273,0.07649308620182406,0.012,0.0
18,0.089666951323655,0.9333333333333333,0.040231614462225875,0.028937991881909188,0.02893799503458803,0.6088235294117645,0.5761099365750528,0.5583333333333332,0.7092469018112489,0.5208845208845209,0.11768167107972932,0.012,0.0
19,0.089666951323655,1.0,0.040231614462225875,0.028937991881909188,0.02893799503458803,0.6205882352941177,0.5338266384778012,0.5583333333333332,0.6615824594852239,0.47911547911547914,0.06472491909385114,0.012,0.0
20,0.10418445772843724,0.9333333333333333,0.040231614462225875,0.028937991881909188,0.02893799503458803,0.438235294117647,0.5126849894291754,0.5583333333333332,0.6139180171591992,0.2882882882882883,0.03824654310091203,0.012,0.0
21,0.10418445772843724,1.0,0.040231614462225875,0.028937991881909188,0.02893799503458803,0.4264705882352941,0.5021141649048625,0.5583333333333332,0.6139180171591992,0.21785421785421785,0.04118858487790526,0.012,0.0
22,0.304867634500427,0.0,0.03098071399261387,0.033137994492227776,0.03313800623476539,0.12647058823529403,0.4492600422832981,0.3565891472868217,0.44709246901811217,0.48484848484848486,0.05589879376287143,0.05263157894736842,0.0047807619049058435
23,0.304867634500427,0.06666666666666667,0.05122418273833949,0.036087654498231515,0.036087662820273786,0.09470588235294114,0.6564482029598308,0.5290697674418604,0.671115347950429,0.3071253071253071,0.009120329508679022,0.007894736842105263,0.0008492858613721962
24,0.304867634500427,0.13333333333333333,0.011649113208407422,0.0,0.0,0.13411764705882348,0.4386892177589851,0.3478682170542635,0.4613918017159197,0.41113841113841115,0.0002059429243895263,0.005263157894736842,0.0016326879813372795
25,0.304867634500427,0.2,0.0,0.005142327621086154,0.005142310237077334,0.010588235294117631,0.4545454545454545,0.33333333333333326,0.5138226882745471,0.5470925470925471,0.006472491909385113,0.010526315789473684,8.700350858686275e-05
26,0.304867634500427,0.26666666666666666,0.10137692062189395,0.08065884441196047,0.08065883775805634,0.0,0.5591966173361522,0.4186046511627906,0.5662535748331742,0.35544635544635544,0.011768167107972934,0.015789473684210527,0.002446388631821495
27,0.304867634500427,0.3333333333333333,0.0703734099302421,0.04501494407392423,0.045014941635783595,0.13999999999999993,0.5940803382663847,0.48837209302325574,0.6615824594852239,0.49303849303849306,0.0002059429243895263,0.003157894736842105,0.0006664351488819231
28,0.304867634500427,0.4,0.036999042538640406,0.026064031114997586,0.02606401108771467,0.2535294117647058,0.6553911205073996,0.5784883720930232,0.551954242135367,0.533988533988534,0.006178287731685789,0.002105263157894737,0.0004158679821428276
29,0.304867634500427,0.4666666666666667,0.03346555418775361,0.03362090343126379,0.03362090441662631,0.2852941176470588,0.6183932346723044,0.5532945736434107,0.671115347950429,0.457002457002457,0.00441306266548985,0.004736842105263158,0.00038291562185843015
30,0.304867634500427,0.5333333333333333,0.0325992796243104,0.012699199937352355,0.012699203565988979,0.36705882352941166,0.7167019027484144,0.6734496124031006,0.7712106768350807,0.3832923832923833,0.002235951750514857,0.002631578947368421,7.35617363380447e-05
31,0.304867634500427,0.6,0.016117266219851364,0.01859851994935982,0.018598516737005775,0.3370588235294118,0.6775898520084566,0.624031007751938,0.8427073403241181,0.2972972972972973,0.00038246543100912034,0.007894736842105263,1.839240350256647e-05
32,0.304867634500427,0.6666666666666666,0.025235945835043086,0.00740025320090317,0.007400275210942435,0.4876470588235294,1.0,1.0,0.9142040038131555,0.447993447993448,0.021771109149749925,0.0005263157894736842,0.0004192211371256995
33,0.304867634500427,0.7333333333333333,0.021292116901472667,0.009070857098108823,0.00907085310552572,0.27999999999999997,0.6289640591966174,0.5639534883720929,0.6282173498570068,0.9557739557739557,0.05001471020888496,0.04684210526315789,0.001178208924054524
34,0.304867634500427,0.8,0.14920439520357454,0.10969863871885563,0.10969863917845084,0.3841176470588234,0.9196617336152219,0.8759689922480619,0.7378455672068637,0.3669123669123669,0.007355104442483083,0.004736842105263158,0.0020789460675138326
35,0.304867634500427,0.8,0.14920439520357454,0.028937991881909188,0.02893799503458803,0.1736470588235294,0.5934460887949259,0.5583333333333332,0.013346043851286746,0.37002457002457,0.007355104442483083,0.005789473684210527,0.0
36,0.304867634500427,0.8666666666666667,1.0,0.028937991881909188,0.02893799503458803,0.3523529411764705,0.645877378435518,0.5998062015503874,0.7283126787416588,0.47911547911547914,0.052956751985878195,0.005263157894736842,0.0
37,0.304867634500427,0.9333333333333333,0.040231614462225875,0.36741539304872156,0.36741536549105513,0.5088235294117647,0.6289640591966174,0.5583333333333332,0.7569113441372736,0.5945945945945946,0.11768167107972932,0.012,0.11135299941763661
38,0.304867634500427,1.0,0.040231614462225875,0.028937991881909188,0.02893799503458803,0.6617647058823529,0.5761099365750528,0.5583333333333332,0.7569113441372736,0.5438165438165438,0.08237716975581053,0.012,0.0
39,0.3125533731853117,0.0,0.03098071399261387,0.023962724650543596,0.02396271032308363,0.16176470588235295,0.4196617336152219,0.3236434108527131,0.48045757864632965,0.44717444717444715,0.07649308620182406,1.0,0.004734981492097312
40,0.3125533731853117,0.06666666666666667,0.05122418273833949,0.03867186990172151,0.03867186176676575,0.2264705882352941,0.6691331923890061,0.560077519379845,0.671115347950429,0.29238329238329236,0.004118858487790527,0.04263157894736842,0.00041095447907676073
41,0.3125533731853117,0.13333333333333333,0.011649113208407422,0.01182474320990877,0.01182471399794018,0.18529411764705875,0.43023255813953476,0.33624031007751926,0.4899904671115348,0.4283374283374283,0.0002059429243895263,0.024210526315789474,0.0014738151895914732
42,0.3125533731853117,0.2,0.0,0.007687388245735392,0.007687377699709418,0.04411764705882353,0.48731501057082444,0.3517441860465116,0.4756911344137273,0.49385749385749383,0.001676963812886143,0.011578947368421053,3.353102166017582e-05
43,0.3125533731853117,0.26666666666666666,0.10137692062189395,0.11109515916417598,0.11109515841222044,0.1441176470588235,0.49260042283298094,0.3866279069767441,0.5567206863679695,0.3013923013923014,0.007649308620182407,0.03631578947368421,0.002189608955123119
44,0.3125533731853117,0.3333333333333333,0.0703734099302421,0.058027382242002636,0.05802738143771099,0.2970588235294117,0.6627906976744186,0.5775193798449612,0.7092469018112489,0.0,0.00126507796410709,0.02631578947368421,0.00018926886711488364
45,0.3125533731853117,0.4,0.036999042538640406,0.01738472180529634,0.017384703277111977,0.31470588235294117,0.6733615221987315,0.5542635658914727,0.5948522402287892,0.4381654381654382,0.005589879376287143,0.005263157894736842,0.0002513418586579192
46,0.3125533731853117,0.4666666666666667,0.03346555418775361,0.04718150850311281,0.04718150763144595,0.25,0.6902748414376321,0.5862403100775192,0.7521448999046711,0.3783783783783784,0.007649308620182407,0.034736842105263156,0.0009308022871694239
47,0.3125533731853117,0.5333333333333333,0.0325992796243104,0.0075568723162662,0.007556847237646792,0.2735294117647058,0.708245243128964,0.6094961240310076,0.8045757864632982,0.32596232596232594,0.004118858487790527,0.04105263157894737,8.097258960030803e-05
48,0.3125533731853117,0.6,0.016117266219851364,0.026768817134131224,0.026768792618576114,0.2970588235294117,0.6987315010570824,0.6104651162790696,0.8093422306959006,0.21457821457821458,0.0027949396881435714,0.08421052631578947,0.00019320264784024508
49,0.3125533731853117,0.6666666666666666,0.025235945835043086,0.026781868727078148,0.026781836446529407,0.5558823529411764,0.7790697674418604,0.7751937984496122,0.8188751191611062,0.45290745290745293,0.012062371285672255,0.1631578947368421,0.0008342270689999507
50,0.3125533731853117,0.6666666666666666,0.025235945835043086,0.015654080580534854,0.015654059246172754,0.1711764705882352,0.494291754756871,0.44108527131782943,0.0,0.2936936936936937,0.012356575463371579,0.23157894736842105,0.0
51,0.3125533731853117,0.7333333333333333,0.021292116901472667,0.017241154282880224,0.01724112898709606,0.35,0.5443974630021141,0.4825581395348837,0.623450905624404,0.6928746928746928,0.052956751985878195,0.06842105263157895,0.0023615566209186094
52,0.3125533731853117,0.8,0.14920439520357454,0.16336678891658726,0.16336675487766572,0.3441176470588234,0.7864693446088795,0.7083333333333331,0.690181124880839,0.35872235872235875,0.019417475728155338,0.03105263157894737,0.008171613291059537
53,0.3125533731853117,0.8666666666666667,1.0,0.04681606390059907,0.04681604077417653,0.36764705882352944,0.5200845665961944,0.46511627906976727,0.7140133460438514,0.40294840294840295,0.08237716975581053,0.07894736842105263,0.0
54,0.31767719897523483,0.0,0.03098071399261387,0.02252704942638249,0.022527013514189308,0.13882352941176468,0.5613107822410147,0.45058139534883707,0.6091515729265968,0.475020475020475,0.0353045013239188,0.002105263157894737,0.002054868411333314
55,0.31767719897523483,0.06666666666666667,0.05122418273833949,0.024497839961367285,0.024497829908022573,0.30941176470588233,0.5792811839323466,0.5174418604651162,0.7569113441372736,0.3751023751023751,0.0052956751985878195,0.018421052631578946,0.0003351029260064521
56,0.31767719897523483,0.13333333333333333,0.011649113208407422,0.005103172842245396,0.0051031326619526045,0.19764705882352937,0.42811839323467227,0.3488372093023255,0.5710200190657769,0.542997542997543,0.0,0.04,0.0
57,0.31767719897523483,0.2,0.0,0.00896644435453347,0.008966410299369678,0.11941176470588231,0.20401691331923885,0.13565891472868216,0.504289799809342,0.5446355446355446,0.0032362459546925564,0.0010526315789473684,7.536675940840225e-05
58,0.31767719897523483,0.26666666666666666,0.10137692062189395,0.06075516516790875,0.06075515467421887,0.20941176470588227,0.4661733615221987,0.3837209302325581,0.6568160152526215,0.3546273546273546,0.009414533686378346,0.01368421052631579,0.001474635158283889
59,0.31767719897523483,0.3333333333333333,0.0703734099302421,0.037575536094180295,0.03757553494098129,0.3152941176470588,0.6902748414376321,0.5988372093023255,0.7092469018112489,0.5298935298935299,0.0013533392174168873,0.005263157894736842,0.00013120766642743366
60,0.31767719897523483,0.4,0.036999042538640406,0.013886894895521999,0.013886883278711343,0.11647058823529403,0.7019027484143763,0.569767441860465,0.6663489037178263,0.5298935298935299,0.00441306266548985,0.0010526315789473684,0.00015868294113842028
61,0.31767719897523483,0.4,0.036999042538640406,0.013886894895521999,0.013886883278711343,0.11647058823529403,0.7019027484143763,0.569767441860465,0.6663489037178263,0.5298935298935299,0.004118858487790527,0.0005263157894736842,0.00014810407839585895
62,0.31767719897523483,0.4666666666666667,0.03346555418775361,0.02853078218196531,0.02853076949136215,0.20941176470588227,0.6871035940803382,0.5920542635658914,0.8045757864632982,0.4561834561834562,0.002383053839364519,0.004210526315789474,0.00017554196265337605
63,0.31767719897523483,0.5333333333333333,0.0325992796243104,0.010911131703624429,0.010911092946031507,0.44352941176470584,0.657505285412262,0.635658914728682,0.8379408960915157,0.4275184275184275,0.005884083553986467,0.01368421052631579,0.0001664930530460197
64,0.31767719897523483,0.6,0.016117266219851364,0.011759485245174174,0.011759448766908867,0.3423529411764706,0.6638477801268499,0.6114341085271316,0.8856053384175404,0.3153153153153153,0.0014416004707266843,0.00631578947368421,4.3939751090854944e-05
65,0.31767719897523483,0.6666666666666666,0.025235945835043086,0.008627102937913573,0.008627086407524675,0.7688235294117647,0.675475687103594,0.7209302325581395,0.7807435653002863,0.48484848484848486,0.02059429243895263,0.0015789473684210526,0.0004616136093750393
66,0.31767719897523483,0.7333333333333333,0.021292116901472667,0.0039807358488103475,0.003980718180261553,0.3617647058823529,0.6469344608879493,0.5193798449612402,0.6663489037178263,0.9942669942669943,0.02942041776993233,0.020526315789473684,0.0003074779852218441
67,0.31767719897523483,0.8,0.14920439520357454,0.06871663686552944,0.06871663712600683,0.4488235294117646,0.7991543340380548,0.7858527131782944,0.7759771210676831,0.43652743652743653,0.011473962930273609,0.011052631578947368,0.0020324187993296843
68,0.31767719897523483,0.8666666666666667,1.0,0.018601130267949205,0.018601116284343466,0.3494117647058822,0.5581395348837209,0.5116279069767441,0.7998093422306959,0.506961506961507,0.0617828773168579,0.01263157894736842,0.0
69,0.3296327924850555,0.0,0.03098071399261387,0.02800871846408854,0.028008693734376502,0.1594117647058823,0.4608879492600422,0.3740310077519379,0.5805529075309818,0.48157248157248156,0.07649308620182406,0.011578947368421053,0.005531855237027717
70,0.3296327924850555,0.06666666666666667,0.05122418273833949,0.034116863963246716,0.03411684642644053,0.3105882352941176,0.4947145877378435,0.442829457364341,0.7521448999046711,0.4021294021294021,0.00794351279788173,0.12105263157894737,0.00069939159226882
71,0.3296327924850555,0.13333333333333333,0.011649113208407422,0.006551899659353424,0.00655187329880022,0.2729411764705882,0.27695560253699786,0.23062015503875963,0.5567206863679695,0.5642915642915642,0.000264783759929391,0.24736842105263157,4.520224808091051e-06
72,0.3296327924850555,0.2,0.0,0.00597762956968898,0.005977622230001403,0.1241176470588235,0.23150105708245236,0.16182170542635652,0.504289799809342,0.5282555282555282,0.00253015592821418,0.029473684210526315,3.9452220602608623e-05
73,0.3296327924850555,0.26666666666666666,0.10137692062189395,0.07627350918179564,0.07627348436365361,0.19882352941176465,0.46194503171247353,0.38468992248062006,0.6758817921830315,0.3366093366093366,0.009414533686378346,0.14736842105263157,0.001850807633350424
74,0.3296327924850555,0.3333333333333333,0.0703734099302421,0.06074211357496182,0.06074211084626557,0.38117647058823534,0.5169133192389006,0.4825581395348837,0.7044804575786461,0.515970515970516,0.0032362459546925564,0.04684210526315789,0.0005067971472772364
75,0.3296327924850555,0.4,0.036999042538640406,0.02063456844907921,0.0206345522706055,0.15823529411764703,0.5517970401691331,0.45542635658914715,0.5424213536701619,0.4668304668304668,0.006766696087084437,0.05263157894736842,0.0003608776572247333
76,0.3296327924850555,0.4666666666666667,0.03346555418775361,0.0362181704277007,0.03621814719107157,0.22529411764705884,0.5919661733615222,0.5106589147286821,0.8474737845567205,0.45454545454545453,0.0038246543100912034,0.03315789473684211,0.0003574371087347532
77,0.3296327924850555,0.5333333333333333,0.0325992796243104,0.010937234889518267,0.010937226693202944,0.27764705882352936,0.5095137420718815,0.44864341085271314,0.8331744518589134,0.4176904176904177,0.008531921153280376,0.09473684210526316,0.00024198903230337408
78,0.3296327924850555,0.6,0.016117266219851364,0.13092052885054623,0.13092048634580847,0.334705882352941,0.5761099365750528,0.5271317829457364,0.9142040038131555,0.3063063063063063,0.0026184171815239778,0.018947368421052633,0.0008831802916821493
79,0.3296327924850555,0.6666666666666666,0.025235945835043086,0.013025489761025332,0.010720920387249588,0.701764705882353,0.758985200845666,0.8333333333333331,0.9904671115347953,0.5143325143325144,0.005001471020888497,0.00631578947368421,0.0001390700949042901
80,0.3296327924850555,0.7333333333333333,0.021292116901472667,0.005729649303697517,0.005729605133829444,0.3023529411764705,0.5517970401691331,0.4961240310077518,0.8474737845567205,0.6683046683046683,0.026478375992939097,0.06842105263157895,0.00039596314195012124
81,0.3296327924850555,0.7333333333333333,0.021292116901472667,0.005729649303697517,0.005729605133829444,0.3023529411764705,0.5517970401691331,0.4961240310077518,0.8474737845567205,0.6683046683046683,0.027066784348337748,0.16842105263157894,0.00040476232320563215
82,0.3296327924850555,0.8,0.14920439520357454,0.07337605554757957,0.07337604918122323,0.35470588235294104,0.5528541226215644,0.5106589147286821,0.7569113441372736,0.41932841932841936,0.012650779641070902,0.02631578947368421,0.0023926439990817547
83,0.3296327924850555,0.8666666666666667,1.0,0.7393857920359179,0.7393857924137003,0.41705882352941176,0.48414376321353064,0.46027131782945724,0.8379408960915157,0.48976248976248976,0.05589879376287143,0.07368421052631578,0.10642968017551943
84,0.3296327924850555,0.9333333333333333,0.23621939543154152,0.3254675733173234,0.3254675670748893,0.5711764705882354,0.6543340380549683,0.33817829457364335,0.7807435653002863,0.6568386568386568,0.15592821418064134,0.06736842105263158,0.13070136656680267
85,0.3296327924850555,1.0,0.23621939543154152,0.16482856732664222,0.16482854856071955,0.6647058823529413,0.6057082452431288,0.33817829457364335,0.7759771210676831,0.579033579033579,0.09708737864077668,0.06736842105263158,0.0
86,0.3415883859948762,0.0,0.03098071399261387,0.024915490935668697,0.024915462858852183,0.26588235294117646,0.5243128964059196,0.4593023255813953,0.5185891325071496,0.4742014742014742,0.11768167107972932,0.02526315789473684,0.007573277212711298
87,0.3415883859948762,0.06666666666666667,0.05122418273833949,0.018820397029457446,0.018820353994741443,0.5994117647058822,0.4471458773784354,0.46802325581395343,0.7521448999046711,0.4004914004914005,0.007060900264783759,0.05789473684210526,0.00034358514956062174
88,0.3415883859948762,0.13333333333333333,0.011649113208407422,0.005468617444759133,0.0054685903009690446,0.5517647058823529,0.2758985200845665,0.28100775193798444,0.5567206863679695,0.6355446355446356,0.0002059429243895263,0.018421052631578946,0.0021457016055357915
89,0.3415883859948762,0.2,0.0,0.017051906185149898,0.01705187825361119,0.3364705882352941,0.18181818181818177,0.15019379844961236,0.4613918017159197,0.5184275184275184,0.0002059429243895263,0.05263157894736842,0.0021457016055357915
90,0.3415883859948762,0.26666666666666666,0.10137692062189395,0.07606468369464492,0.07606464484260639,0.5976470588235294,0.281183932346723,0.2936046511627906,0.6043851286939941,0.3104013104013104,0.007649308620182407,0.2578947368421053,0.0014996680196011712
91,0.3415883859948762,0.3333333333333333,0.0703734099302421,0.06919954580456544,0.06919953530786774,0.6735294117647058,0.5010570824524313,0.5445736434108526,0.6663489037178263,0.43243243243243246,0.007355104442483083,0.1631578947368421,0.0013119776458058667
92,0.3415883859948762,0.4,0.036999042538640406,0.015622756757462249,0.01562272640432594,0.22705882352941173,0.6384778012684988,0.5532945736434107,0.5996186844613917,0.5274365274365275,0.0038246543100912034,0.01263157894736842,0.00015461930167009924
93,0.3415883859948762,0.4666666666666667,0.03346555418775361,0.02625980500920138,0.02625976068954376,0.3711764705882352,0.617336152219873,0.5775193798449612,0.7807435653002863,0.4250614250614251,0.0002059429243895263,0.042105263157894736,0.0006327013033886312
94,0.3415883859948762,0.5333333333333333,0.0325992796243104,0.007361098422062412,0.0073610976358177045,0.5452941176470588,0.4936575052854122,0.5029069767441859,0.8045757864632982,0.40786240786240785,0.010297146219476316,0.1631578947368421,0.00019724154986601876
95,0.3415883859948762,0.6,0.016117266219851364,0.010663151437632962,0.0106631219411244,0.6535294117647058,0.5517970401691331,0.5930232558139533,0.880838894184938,0.28501228501228504,0.0002059429243895263,0.02157894736842105,0.002867761524119357
96,0.3415883859948762,0.6666666666666666,0.025235945835043086,0.027564964303893297,0.027564927036375454,0.9476470588235294,0.6955602536997885,0.8478682170542634,0.8188751191611062,0.5233415233415234,0.0002059429243895263,0.12105263157894737,0.003558969011607977
97,0.3415883859948762,0.7333333333333333,0.021292116901472667,0.055873869405760966,0.055873859270001935,0.703529411764706,0.3509513742071881,0.38953488372093015,0.5853193517635841,0.3841113841113841,0.05001471020888496,0.631578947368421,0.007205396830221741
98,0.3415883859948762,0.7333333333333333,0.021292116901472667,0.055873869405760966,0.055873859270001935,0.703529411764706,0.3509513742071881,0.38953488372093015,0.5853193517635841,0.3841113841113841,0.047072668431891736,0.631578947368421,0.0067815499388389315
99,0.3415883859948762,0.8,0.14920439520357454,0.08658426760986178,0.08658423858497971,0.6629411764705883,0.49260042283298094,0.5329457364341084,0.6663489037178263,0.3677313677313677,0.016181229773462785,0.21578947368421053,0.003610656739113193
100,0.3415883859948762,0.8666666666666667,1.0,0.5854814080058471,0.5854813898452186,0.766470588235294,0.45348837209302323,0.5174418604651162,0.7378455672068637,0.4725634725634726,0.0794351279788173,0.23684210526315788,0.11976419622383577
101,0.3552519214346712,0.0,0.03098071399261387,0.023558125269189104,0.023558121200207314,0.2647058823529412,0.4915433403805496,0.4282945736434107,0.5281220209723543,0.4701064701064701,0.05884083553986466,0.015789473684210527,0.003580996886969753
102,0.3552519214346712,0.06666666666666667,0.05122418273833949,0.01400435923204427,0.014004323821555822,0.5923529411764706,0.49260042283298094,0.5145348837209301,0.7759771210676831,0.42342342342342343,0.012944983818770225,0.09473684210526316,0.00046938433857903833
103,0.3552519214346712,0.13333333333333333,0.011557926412255505,0.004006839034704186,0.004006805836168137,0.4899999999999999,0.33932346723044393,0.33333333333333326,0.5662535748331742,0.6560196560196561,0.0002059429243895263,0.02157894736842105,0.0009759844179691958
104,0.3552519214346712,0.2,0.0,0.003461282449522964,0.0034612696253725032,0.31999999999999995,0.2980972515856236,0.25872093023255804,0.4613918017159197,0.5274365274365275,0.0029420417769932335,0.008947368421052631,2.6812890336809768e-05
105,0.3552519214346712,0.26666666666666666,0.10137692062189395,0.044075229381746045,0.04407518683670349,0.5017647058823528,0.36152219873150104,0.3565891472868217,0.6043851286939941,0.31613431613431614,0.007060900264783759,0.028421052631578948,0.0008027279739603775
106,0.3552519214346712,0.3333333333333333,0.0703734099302421,0.0333598715723254,0.03335984349250107,0.6176470588235294,0.4767441860465116,0.50484496124031,0.6615824594852239,0.5266175266175266,0.0002059429243895263,0.026842105263157896,0.00022336424967433076
107,0.3552519214346712,0.4,0.036999042538640406,0.016692987379109618,0.016692965574203824,0.2317647058823529,0.657505285412262,0.5736434108527131,0.5948522402287892,0.5298935298935299,0.0038246543100912034,0.008421052631578947,0.00016515871058613466
108,0.3552519214346712,0.4666666666666667,0.03346555418775361,0.02471971704146491,0.024719713257023095,0.36647058823529416,0.627906976744186,0.5862403100775192,0.7855100095328887,0.4348894348894349,0.0002059429243895263,0.02157894736842105,0.0002327013154310356
109,0.3552519214346712,0.4666666666666667,0.03346555418775361,0.02471971704146491,0.024719713257023095,0.36647058823529416,0.627906976744186,0.5862403100775192,0.7855100095328887,0.4348894348894349,0.0002059429243895263,0.01368421052631579,0.0002327013154310356
110,0.3552519214346712,0.5333333333333333,0.0325992796243104,0.004959605319829285,0.004959604463201541,0.5570588235294117,0.5095137420718815,0.5222868217054263,0.8236415633937085,0.4398034398034398,0.009414533686378346,0.024736842105263158,0.0001221216734883318
111,0.3552519214346712,0.6,0.016117266219851364,0.006852086297132565,0.006852065706785347,0.6635294117647057,0.5560253699788583,0.6007751937984495,0.8760724499523356,0.2809172809172809,0.004118858487790527,0.014736842105263158,7.349821912033412e-05
112,0.3552519214346712,0.6666666666666666,0.025235945835043086,0.0014878815959487855,0.0014878721207074914,0.798235294117647,0.6374207188160677,0.7422480620155038,0.7473784556720688,0.4013104013104013,0.022653721682847894,0.007368421052631579,9.13534150018221e-05
113,0.3552519214346712,0.7333333333333333,0.021292116901472667,0.0017097586760464112,0.0017097554697080139,0.6523529411764706,0.248414376321353,0.27519379844961234,0.551954242135367,0.6855036855036855,0.011768167107972934,0.022631578947368423,5.4179530840611916e-05
114,0.3552519214346712,0.8,0.14920439520357454,0.03863271512288075,0.03863268419164102,0.6211764705882352,0.5306553911205073,0.5620155038759689,0.742612011439466,0.44553644553644556,0.01588702559576346,0.030526315789473683,0.0015835075383653528
115,0.3552519214346712,0.8666666666666667,1.0,0.43912084469909546,0.43912083677769514,0.7170588235294116,0.5084566596194502,0.5649224806201549,0.761677788369876,0.6240786240786241,0.18240659017358046,0.018421052631578946,0.2062743545759179
116,0.3552519214346712,0.9333333333333333,0.2370081612182556,0.2654302457614952,0.26543023775948515,0.5517647058823529,0.7610993657505285,0.37441860465116267,0.8474737845567205,0.61998361998362,0.15592821418064134,0.015789473684210527,0.10659735691771699
117,0.3552519214346712,1.0,0.2370081612182556,0.09617457810725798,0.09617456790015338,0.5952941176470589,0.723044397463002,0.37441860465116267,0.8427073403241181,0.5724815724815725,0.11179758752574286,0.015789473684210527,0.0
118,0.3654995730145175,0.0,0.03098071399261387,0.02871350448322218,0.028713475265237945,0.24058823529411763,0.4947145877378435,0.42538759689922473,0.5376549094375594,0.47174447174447176,0.044130626654898496,0.005789473684210527,0.00327153748169893
119,0.3654995730145175,0.0,0.03098071399261387,0.02871350448322218,0.028713475265237945,0.24058823529411763,0.4947145877378435,0.42538759689922473,0.5376549094375594,0.47174447174447176,0.044130626654898496,0.008947368421052631,0.00327153748169893
120,0.3654995730145175,0.06666666666666667,0.05122418273833949,0.011707278873386497,0.0117072734550957,0.5370588235294117,0.5253699788583509,0.5339147286821705,0.7998093422306959,0.4619164619164619,0.012650779641070902,0.05789473684210526,0.00038389421633501486
121,0.3654995730145175,0.13333333333333333,0.011557926412255505,0.002036048499719391,0.002036035533599725,0.44352941176470584,0.4312896405919661,0.41569767441860456,0.6091515729265968,0.7231777231777232,0.0002059429243895263,0.025789473684210525,0.0014902017525844605
122,0.3654995730145175,0.2,0.0,0.01038906798574766,0.010389063280310711,0.3205882352941176,0.22515856236786466,0.188953488372093,0.4756911344137273,0.5315315315315315,0.0002059429243895263,0.004736842105263158,0.0014902017525844605
123,0.3654995730145175,0.26666666666666666,0.10137692062189395,0.032863911040342475,0.03286390148268685,0.5152941176470587,0.354122621564482,0.35271317829457355,0.6568160152526215,0.3415233415233415,0.006178287731685789,0.06842105263157895,0.000524039583189429
124,0.3654995730145175,0.3333333333333333,0.0703734099302421,0.024993800493350215,0.024993771917836787,0.5658823529411765,0.522198731501057,0.5387596899224806,0.690181124880839,0.5577395577395577,0.0002059429243895263,0.05789473684210526,0.00023395496214286294
125,0.3654995730145175,0.4,0.036999042538640406,0.015831582244612955,0.01583156592537317,0.1994117647058823,0.6490486257928118,0.5542635658914727,0.6043851286939941,0.5290745290745291,0.0035304501323918797,0.010526315789473684,0.0001446239019090068
126,0.3654995730145175,0.4666666666666667,0.03346555418775361,0.022775029692373952,0.022774984519096417,0.3141176470588235,0.6490486257928118,0.5901162790697674,0.7950428979980935,0.4176904176904177,0.0002059429243895263,0.05263157894736842,0.00018762693133748717
127,0.3654995730145175,0.5333333333333333,0.03346555418775361,0.005873216826113628,0.005873179423845361,0.4876470588235294,0.49894291754756864,0.4932170542635658,0.8236415633937085,0.4135954135954136,0.007649308620182407,0.0,0.00011721710928086407
128,0.3654995730145175,0.6,0.016117266219851364,0.012137981440634828,0.0121379502338786,0.5623529411764705,0.5539112050739957,0.570736434108527,0.8951382268827451,0.2800982800982801,0.0002059429243895263,0.022631578947368423,8.614269585719102e-05
129,0.3654995730145175,0.6666666666666666,0.025235945835043086,0.0006395280543990394,0.0006395162998301306,0.3252941176470587,0.27378435517970395,0.2354651162790697,0.451858913250715,0.3677313677313677,0.08237716975581053,0.008947368421052631,0.00015225406230813605
130,0.3654995730145175,0.7333333333333333,0.021292116901472667,0.00045680575314217093,0.0004567644346894843,0.6088235294117645,0.0,0.0,0.5424213536701619,0.4488124488124488,0.012062371285672255,0.26842105263157895,1.661840578794812e-05
131,0.3654995730145175,0.8,0.14920439520357454,0.02619454704446678,0.0261945415497773,0.49764705882352944,0.4291754756871035,0.4263565891472867,0.6854146806482362,0.3546273546273546,0.020888496616651955,0.23684210526315788,0.0014130502494339595
132,0.3654995730145175,0.8666666666666667,1.0,0.3436614938853287,0.3436614485977539,0.6041176470588235,0.5401691331923889,0.568798449612403,0.8427073403241181,0.5806715806715806,0.12062371285672255,0.022631578947368423,0.10675929169599795
133,0.37147736976942786,0.0,0.03098071399261387,0.029379135723515054,0.029379125312239508,0.22176470588235292,0.5369978858350951,0.46027131782945724,0.5567206863679695,0.4774774774774775,0.08237716975581053,0.011052631578947368,0.006248057399530775
134,0.37147736976942786,0.06666666666666667,0.05122418273833949,0.02191362455787729,0.021913584870265762,0.5,0.48942917547568704,0.48643410852713165,0.7759771210676831,0.41277641277641275,0.006766696087084437,0.05789473684210526,0.00038316208623374274
135,0.37147736976942786,0.13333333333333333,0.011649113208407422,0.0027538861117999453,0.002753860892414461,0.37058823529411766,0.4397463002114165,0.40600775193798444,0.5948522402287892,0.6511056511056511,0.0002059429243895263,0.019473684210526317,0.0014688508636184078
136,0.37147736976942786,0.2,0.0,0.011159111969615892,0.011159110042203466,0.24647058823529408,0.25898520084566595,0.2083333333333333,0.49475691134413724,0.5454545454545454,0.0002059429243895263,0.006842105263157895,0.0014688508636184078
137,0.37147736976942786,0.26666666666666666,0.10137692062189395,0.03895900494655373,0.03895896425553273,0.38352941176470584,0.41226215644820285,0.381782945736434,0.6615824594852239,0.3464373464373464,0.005884083553986467,0.049473684210526316,0.0005914275246861512
138,0.37147736976942786,0.3333333333333333,0.0703734099302421,0.022553152612276327,0.022553147261360745,0.5229411764705882,0.5063424947145877,0.5106589147286821,0.7187797902764537,0.5143325143325144,0.0002059429243895263,0.013157894736842105,0.0002486030442705418
139,0.37147736976942786,0.4,0.036999042538640406,0.013299573212910634,0.01329954229069438,0.17588235294117638,0.6617336152219874,0.560077519379845,0.6186844613918017,0.5315315315315315,0.0035304501323918797,0.007368421052631579,0.00012160730764136993
140,0.37147736976942786,0.4,0.036999042538640406,0.013299573212910634,0.01329954229069438,0.17588235294117638,0.6617336152219874,0.560077519379845,0.6186844613918017,0.5315315315315315,0.0038246543100912034,0.008947368421052631,0.0002807252744169984
141,0.37147736976942786,0.4666666666666667,0.03346555418775361,0.026377269345723646,0.02637724732365309,0.288235294117647,0.6427061310782239,0.576550387596899,0.7998093422306959,0.4217854217854218,0.0002059429243895263,0.03684210526315789,0.0002807252744169984
142,0.37147736976942786,0.5333333333333333,0.0325992796243104,0.0071000665631240295,0.007100036711692454,0.4082352941176469,0.5528541226215644,0.5261627906976744,0.8331744518589134,0.43407043407043405,0.00794351279788173,0.022631578947368423,0.0001468183027914451
143,0.37147736976942786,0.6,0.016117266219851364,0.012385961706626293,0.012385921238785706,0.5229411764705882,0.5866807610993657,0.5920542635658914,0.9142040038131555,0.29074529074529076,0.0002059429243895263,0.015789473684210527,0.0001800576976651479
144,0.37147736976942786,0.6666666666666666,0.025235945835043086,0.002793040890640703,0.0027930384675391895,0.37823529411764706,0.5792811839323466,0.5416666666666665,0.5424213536701619,0.3677313677313677,0.07355104442483083,0.006842105263157895,0.0005437732369660258
145,0.37147736976942786,0.7333333333333333,0.021292116901472667,0.001683655490152573,0.0016836217225365772,0.5070588235294118,0.17547568710359407,0.17054263565891473,0.671115347950429,1.0,0.019417475728155338,0.020526315789473684,8.80896409268987e-05
146,0.37147736976942786,0.8,0.14920439520357454,0.04876075124969003,0.048760732639091336,0.4494117647058824,0.562367864693446,0.5474806201550386,0.7473784556720688,0.46846846846846846,0.018240659017358045,0.02157894736842105,0.0022937753656024486
147,0.37147736976942786,0.8666666666666667,1.0,0.4575105391613047,0.4575105139936536,0.5476470588235294,0.5380549682875264,0.5494186046511627,0.8522402287893228,0.5667485667485668,0.11179758752574286,0.02,0.13171980079260598
148,0.6302305721605466,0.0,0.023001869329321113,0.021561231548310474,0.021561232037946014,0.228235294117647,0.821353065539112,0.7228682170542634,0.6615824594852239,0.27780507780507785,0.4029126213592233,0.005263157894736842,0.022449265925939443
149,0.6302305721605466,0.06666666666666667,0.047645100989376736,0.025424503060598545,0.025424503545224863,0.28764705882352937,0.763213530655391,0.6899224806201548,0.7807435653002863,0.27780507780507785,0.25889967637540456,0.005263157894736842,0.017000543771135607
150,0.6302305721605466,0.13333333333333333,0.011557926412255505,0.00914916665579034,0.009149167142366929,0.41529411764705876,0.5031712473572938,0.47868217054263557,0.6568160152526215,0.27780507780507785,0.0,0.005263157894736842,0.0
151,0.6302305721605466,0.2,0.0,0.009401062399665878,0.009401062910658765,0.2064705882352941,0.6141649048625791,0.17151162790697674,0.5614871306005718,0.25700245700245694,0.07928802588996763,0.005263157894736842,0.0019352202291284045
152,0.6302305721605466,0.26666666666666666,0.1071672821775407,0.09194847231104557,0.09194847273137065,0.4411764705882353,0.6342494714587736,0.6153100775193797,0.7235462345090561,0.26568386568386565,0.06472491909385114,0.005263157894736842,0.015336595973617228
153,0.6302305721605466,0.3333333333333333,0.07664250216568641,0.041856458580769786,0.04185645908005983,0.41882352941176476,0.7716701902748413,0.7451550387596898,0.7950428979980935,0.2843570843570844,0.0,0.005263157894736842,0.0
154,0.6302305721605466,0.4,0.036679888752108696,0.017737114814863154,0.01773711533670706,0.19705882352941173,0.6828752642706131,0.5852713178294573,0.6758817921830315,0.29336609336609343,0.06472491909385114,0.005263157894736842,0.002969004895750622
155,0.6302305721605466,0.4666666666666667,0.03346555418775361,0.033412077944113085,0.033412078446410955,0.22176470588235292,0.7188160676532769,0.6259689922480619,0.8474737845567205,0.31318591318591316,0.02588996763754045,0.005263157894736842,0.0022325176747440877
156,0.6302305721605466,0.5333333333333333,0.03198376875028496,0.016170923661232853,0.01617092415521049,0.012352941176470534,0.7441860465116279,0.5784883720930232,0.7569113441372736,0.2805896805896806,0.02588996763754045,0.010526315789473684,0.00048452419815498484
157,0.6302305721605466,0.5333333333333333,0.03198376875028496,0.016170923661232853,0.01617092415521049,0.013529411764705804,0.7315010570824523,0.567829457364341,0.7664442326024783,0.2805896805896806,0.011768167107972934,0.010526315789473684,0.0004923624504946553
158,0.6302305721605466,0.6,0.015798112433319654,0.01923804800375886,0.019238048523500896,0.25294117647058817,0.7346723044397463,0.6521317829457365,0.9189704480457579,0.26142506142506144,0.02588996763754045,0.005263157894736842,0.0012876563370302395
159,0.6310845431255337,0.6666666666666666,0.02550950622349884,0.010885028517730589,0.010885029027126321,0.27823529411764697,0.6585623678646934,0.5891472868217054,0.7807435653002863,0.3192465192465192,0.0517799352750809,0.010526315789473684,0.0014616639490502516
160,0.6310845431255337,0.7333333333333333,0.022728308940865364,0.008405225857815947,0.008405226380704168,0.05235294117647052,0.6205073995771669,0.4874031007751938,0.6758817921830315,0.32334152334152333,0.25889967637540456,0.010526315789473684,0.005655247410855768
161,0.6310845431255337,0.8,0.1388774905393699,0.08936425690755556,0.08936425719202333,0.04588235294117643,0.5665961945031711,0.43701550387596894,0.6806482364156338,0.33349713349713356,0.038834951456310676,0.015789473684210527,0.008943556268399445
162,0.6310845431255337,0.8666666666666667,1.0,0.7442018298333312,0.744201831805139,0.1623529411764706,0.6226215644820295,0.5203488372093023,0.8427073403241181,0.33349713349713356,0.38834951456310673,0.005263157894736842,0.7442218593668856
163,0.6353543979504697,0.0,0.023001869329321113,0.02361033164097678,0.023610332140568215,0.16058823529411756,0.6099365750528541,0.507751937984496,0.5710200190657769,0.27780507780507785,0.6472491909385113,0.021052631578947368,0.03947797716393996
164,0.6353543979504697,0.06666666666666667,0.047645100989376736,0.022957751993630822,0.02295775251617976,0.11647058823529403,0.7251585623678647,0.5968992248062015,0.761677788369876,0.27780507780507785,0.25889967637540456,0.010526315789473684,0.015356171831484881
165,0.6353543979504697,0.13333333333333333,0.011557926412255505,0.010193294091543873,0.010193294596697974,0.22588235294117645,0.5158562367864693,0.4408914728682169,0.6472831267874163,0.27780507780507785,0.0,0.010526315789473684,0.0
166,0.6353543979504697,0.2,0.0,0.010029796786697817,0.010029797265266982,0.05588235294117643,0.4460887949260042,0.34496124031007747,0.5853193517635841,0.25700245700245694,0.0,0.005263157894736842,0.0
167,0.6353543979504697,0.26666666666666666,0.1071672821775407,0.07051775669220428,0.07051775700546895,0.18882352941176464,0.6649048625792812,0.5649224806201549,0.7140133460438514,0.26568386568386565,0.012944983818770225,0.005263157894736842,0.0023530179459669196
168,0.6353543979504697,0.3333333333333333,0.07664250216568641,0.039977029196413424,0.03997702968070046,0.3023529411764705,0.7484143763213529,0.6821705426356589,0.8045757864632982,0.2843570843570844,0.0,0.010526315789473684,0.0
169,0.6353543979504697,0.4,0.036679888752108696,0.016340594369542803,0.016340594858473313,0.17529411764705874,0.6490486257928118,0.5484496124031008,0.6806482364156338,0.29336609336609343,0.0,0.005263157894736842,0.0
170,0.6353543979504697,0.4666666666666667,0.03346555418775361,0.03149349378091596,0.03149349428710295,0.23882352941176463,0.7357293868921775,0.6472868217054264,0.7950428979980935,0.31318591318591316,0.0,0.005263157894736842,0.0
171,0.6353543979504697,0.5333333333333333,0.03198376875028496,0.013312624805857555,0.013312625296222796,0.228235294117647,0.6543340380549683,0.5775193798449612,0.8045757864632982,0.2805896805896806,0.0,0.005263157894736842,0.0
172,0.6353543979504697,0.6,0.015798112433319654,0.016797400122684977,0.01679740063702737,0.27999999999999997,0.7019027484143763,0.628875968992248,0.8713060057197333,0.26142506142506144,0.0,0.005263157894736842,0.0
173,0.6353543979504697,0.6666666666666666,0.02550950622349884,0.007204479306699382,0.007204479794396085,0.4711764705882352,0.8985200845665962,0.8885658914728679,1.0,0.3192465192465192,0.06472491909385114,0.005263157894736842,0.001213703098890928
174,0.6362083689154568,0.7333333333333333,0.022728308940865364,0.005638288153069082,0.00563828865899078,0.14588235294117638,0.5877378435517969,0.4854651162790697,0.671115347950429,0.32334152334152333,0.273462783171521,0.015789473684210527,0.004025122350930156
175,0.6353543979504697,0.8,0.1388774905393699,0.08912932823451102,0.08912932863233157,0.351764705882353,0.7177589852008456,0.6686046511627906,0.8236415633937085,0.33349713349713356,0.012944983818770225,0.015789473684210527,0.0029733550850408537
176,0.6353543979504697,0.8666666666666667,1.0,0.6656442918858246,0.6656442902025872,0.2735294117647058,0.7177589852008456,0.6424418604651163,0.8331744518589134,0.33349713349713356,0.25889967637540456,0.005263157894736842,0.443780315717657
177,0.6362083689154568,0.9333333333333333,0.4301828295262846,0.4205901930330597,0.4205901933090694,0.12352941176470586,0.8128964059196617,0.6763565891472868,0.5805529075309818,0.33349713349713356,0.5177993527508091,0.005263157894736842,0.40224843937005184
178,0.6430401366353544,0.0,0.023001869329321113,0.046294000182722304,0.04629400050746482,0.4011764705882353,0.37526427061310774,0.34980620155038755,0.45662535748331734,0.389025389025389,0.5177993527508091,0.02631578947368421,0.06182490467598361
179,0.6430401366353544,0.06666666666666667,0.047645100989376736,0.052415197274827394,0.05241519794930744,0.7135294117647059,0.32241014799154327,0.36143410852713176,0.6186844613918017,0.38493038493038495,0.06472491909385114,0.08421052631578947,0.008748232751891427
180,0.6430401366353544,0.13333333333333333,0.011557926412255505,0.01337788277059215,0.013377883290925529,0.7523529411764706,0.14164904862579278,0.17054263565891473,0.485224022878932,0.4643734643734644,0.0,0.07894736842105263,0.0
181,0.6430401366353544,0.2,0.0,0.015544447199780735,0.015544447719484872,0.5535294117647059,0.2209302325581395,0.22383720930232556,0.46615824594852207,0.36855036855036855,0.012944983818770225,0.010526315789473684,0.0005207177829099344
182,0.6430401366353544,0.26666666666666666,0.1071672821775407,0.100758297550216,0.1007582980984818,0.7517647058823528,0.3276955602536997,0.3740310077519379,0.5996186844613917,0.28501228501228504,0.012944983818770225,0.1368421052631579,0.0033609570425328877
183,0.6430401366353544,0.3333333333333333,0.07664250216568641,0.08292982158472442,0.08292982213150435,0.7758823529411764,0.4978858350951374,0.568798449612403,0.7712106768350807,0.4283374283374283,0.0,0.05263157894736842,0.0
184,0.6430401366353544,0.4,0.036679888752108696,0.016758245343844215,0.016758245830987478,0.5658823529411765,0.522198731501057,0.5387596899224806,0.690181124880839,0.5577395577395577,0.0,0.0,0.0
185,0.6430401366353544,0.4666666666666667,0.03346555418775361,0.044075229381746045,0.04407522988594485,0.5523529411764706,0.5348837209302325,0.5484496124031008,0.7092469018112489,0.4135954135954136,0.012944983818770225,0.015789473684210527,0.0014716693848218917
186,0.6430401366353544,0.5333333333333333,0.03198376875028496,0.014187081533301138,0.01418708204729102,0.6717647058823528,0.3773784355179703,0.41182170542635643,0.7378455672068637,0.3841113841113841,0.02588996763754045,0.015789473684210527,0.0009509516059530326
187,0.6430401366353544,0.6,0.015798112433319654,0.017045380388676437,0.017045380906278714,0.7199999999999999,0.4661733615221987,0.5193798449612402,0.7759771210676831,0.26535626535626533,0.0,0.02631578947368421,0.0
188,0.6430401366353544,0.6666666666666666,0.02550950622349884,0.011250473120244325,0.01125047362231481,0.8105882352941175,0.3033826638477801,0.3604651162790697,0.6139180171591992,0.4619164619164619,0.012944983818770225,0.010526315789473684,0.00037759652010396376
189,0.6430401366353544,0.7333333333333333,0.022728308940865364,0.015609705164515328,0.01560970566809634,0.6070588235294118,0.14799154334038053,0.1560077519379845,0.48045757864632965,0.7027027027027027,0.2783171521035599,0.021052631578947368,0.011242196850259008
190,0.6430401366353544,0.8,0.1388774905393699,0.08741956955846461,0.08741956993623502,0.6429411764705882,0.40909090909090906,0.43895348837209297,0.6186844613918017,0.4045864045864046,0.0,0.015789473684210527,0.0
191,0.6430401366353544,0.8666666666666667,1.0,1.0,1.0,0.6435294117647058,0.40909090909090906,0.43895348837209297,0.6806482364156338,0.38984438984438985,0.38834951456310673,0.04736842105263158,1.0
192,0.6430401366353544,0.8666666666666667,1.0,1.0,1.0,0.6358823529411763,0.3985200845665961,0.4263565891472867,0.6806482364156338,0.3882063882063882,0.38834951456310673,0.07368421052631578,1.0
193,0.6430401366353544,0.9333333333333333,0.4301828295262846,0.002453699474020804,0.0024536999739814807,0.6123529411764705,0.08350951374207188,0.08817829457364341,0.38512869399427996,0.11384111384111384,0.02588996763754045,0.03684210526315789,0.00016878738446762673
194,0.6481639624252775,0.0,0.023001869329321113,0.05007896213732886,0.05007896263312021,0.5858823529411765,0.4260042283298097,0.442829457364341,0.49475691134413724,0.27764127764127766,0.6472491909385113,0.005263157894736842,0.08358890703327217
195,0.6481639624252775,0.06666666666666667,0.047645100989376736,0.05022252965974497,0.050222530009446396,0.7929411764705883,0.354122621564482,0.41279069767441856,0.6377502383222116,0.33906633906633904,0.06472491909385114,0.05263157894736842,0.008382816738361876
196,0.6481639624252775,0.13333333333333333,0.011557926412255505,0.01023244887038463,0.010232449356646602,0.8711764705882352,0.034883720930232516,0.06395348837209303,0.4280266920877022,0.4348894348894349,0.0,0.005263157894736842,0.0
197,0.6481639624252775,0.2,0.0,0.014036988214411567,0.014036988700956876,0.6105882352941175,0.49577167019027474,0.5232558139534882,0.5281220209723543,0.45782145782145783,0.006472491909385113,0.005263157894736842,0.00023523654173713307
198,0.6481639624252775,0.26666666666666666,0.1071672821775407,0.0649447265038698,0.0649447271247324,0.9894117647058823,0.4112050739957716,0.5242248062015503,0.623450905624404,0.3095823095823096,0.006472491909385113,0.005263157894736842,0.0010836324096131571
199,0.6481639624252775,0.3333333333333333,0.07664250216568641,0.04536733708349104,0.04536733760952724,0.8858823529411763,0.5391120507399576,0.6463178294573642,0.7473784556720688,0.4307944307944308,0.0,0.0,0.0
200,0.6481639624252775,0.4,0.036679888752108696,0.01922499641081194,0.019224996906123844,0.3711764705882352,0.5539112050739957,0.5067829457364341,0.5614871306005718,0.4864864864864865,0.0,0.005263157894736842,0.0
201,0.6481639624252775,0.4666666666666667,0.03346555418775361,0.01889870658713896,0.018898707070883987,0.42705882352941166,0.5539112050739957,0.5319767441860465,0.6997140133460438,0.41932841932841936,0.012944983818770225,0.021052631578947368,0.0006325176715112276
202,0.6481639624252775,0.5333333333333333,0.03198376875028496,0.02278808128532087,0.022788081766825674,0.6029411764705882,0.4999999999999999,0.5232558139534882,0.7140133460438514,0.3521703521703522,0.038834951456310676,0.021052631578947368,0.002286460033257969
203,0.6481639624252775,0.6,0.015798112433319654,0.01973400853574179,0.019734009015912313,0.6294117647058823,0.5285412262156448,0.5620155038759689,0.7807435653002863,0.26863226863226863,0.006472491909385113,0.015789473684210527,0.0003301794455254298
204,0.6481639624252775,0.6666666666666666,0.02550950622349884,0.013038541353972252,0.013038541838308616,0.7470588235294118,0.17019027484143756,0.1996124031007752,0.5090562440419448,0.3226863226863227,0.06472491909385114,0.005263157894736842,0.0017716367600893637
205,0.6481639624252775,0.6666666666666666,0.02550950622349884,0.013038541353972252,0.013038541838308616,0.7382352941176471,0.2515856236786469,0.2877906976744185,0.5185891325071496,0.32186732186732187,0.06472491909385114,0.0,0.0021859706376194925
206,0.6481639624252775,0.7333333333333333,0.022728308940865364,0.0053903078870776175,0.0053903083897394385,0.4882352941176471,0.08985200845665957,0.08139534883720928,0.48045757864632965,0.8050778050778051,0.2880258899676375,0.042105263157894736,0.004055573684043927
207,0.6481639624252775,0.8,0.1388774905393699,0.10305537790887377,0.10305537842426409,0.5352941176470587,0.4196617336152219,0.42441860465116277,0.5948522402287892,0.389025389025389,0.12944983818770228,0.010526315789473684,0.03437520395054553
208,0.6481639624252775,0.8666666666666667,1.0,0.9460186115715422,0.9460186111918348,0.5882352941176471,0.4408033826638477,0.46027131782945724,0.6949475691134414,0.39475839475839475,0.25889967637540456,0.021052631578947368,0.6306818918166395
209,0.6481639624252775,0.9333333333333333,0.23528473077098436,0.0017750166407810072,0.0033093989076831134,0.5117647058823529,0.10676532769556023,0.09980620155038755,0.44709246901811217,0.10483210483210484,0.07928802588996763,0.005263157894736842,0.13425972801776967
210,0.6541417591801879,0.0,0.023001869329321113,0.024928542528615618,0.024928543052813442,0.3441176470588234,0.39957716701902746,0.3604651162790697,0.485224022878932,0.4520884520884521,1.0,0.005263157894736842,0.06438760188879375
211,0.6541417591801879,0.06666666666666667,0.047645100989376736,0.021000013051592947,0.021000013550831868,0.5547058823529412,0.5137420718816067,0.5261627906976744,0.7330791229742613,0.39967239967239965,0.02588996763754045,0.03684210526315789,0.0014051114761540165
212,0.6541417591801879,0.13333333333333333,0.011557926412255505,0.006525796473459586,0.0065257969813447905,0.6641176470588235,0.2642706131078224,0.2887596899224805,0.5185891325071496,0.5290745290745291,0.0,0.042105263157894736,0.0
213,0.6541417591801879,0.2,0.0,0.00475966796747543,0.00475966848396842,0.30941176470588233,0.48942917547568704,0.4379844961240309,0.504289799809342,0.46846846846846846,0.0,0.010526315789473684,0.0
214,0.6541417591801879,0.26666666666666666,0.1071672821775407,0.05881047781881778,0.05881047848033412,0.8458823529411764,0.6046511627906976,0.7093023255813952,0.7378455672068637,0.3095823095823096,0.012944983818770225,0.005263157894736842,0.0019628058740925316
215,0.6541417591801879,0.3333333333333333,0.07664250216568641,0.03556559078035475,0.03556559130368451,0.7788235294117646,0.5824524312896405,0.6637596899224805,0.790276453765491,0.47911547911547914,0.0,0.021052631578947368,0.0
216,0.6541417591801879,0.4,0.036679888752108696,0.046555032041660685,0.04655503239409322,0.3841176470588234,0.5200845665961944,0.4874031007751938,0.642516682554814,0.4619164619164619,0.0,0.02631578947368421,0.0
217,0.6532877882152007,0.4666666666666667,0.03346555418775361,0.029718477140134956,0.02971847764239493,0.38000000000000006,0.6131078224101479,0.576550387596899,0.7187797902764537,0.40294840294840295,0.03236245954692557,0.021052631578947368,0.0024828711284068774
218,0.6532877882152007,0.5333333333333333,0.03198376875028496,0.012973283389237656,0.01297328388969715,0.35294117647058826,0.5813953488372092,0.5368217054263564,0.814108674928503,0.3808353808353808,0.012944983818770225,0.02631578947368421,0.00043501903409110535
219,0.6532877882152007,0.6,0.015798112433319654,0.012412064892520133,0.012412065402583,0.5023529411764706,0.5655391120507399,0.5649224806201549,0.8522402287893228,0.26863226863226863,0.0,0.005263157894736842,0.0
220,0.6532877882152007,0.6,0.015798112433319654,0.012412064892520133,0.012412065402583,0.5011764705882352,0.5655391120507399,0.5639534883720929,0.8522402287893228,0.26863226863226863,0.0,0.005263157894736842,0.0
221,0.6532877882152007,0.6666666666666666,0.02550950622349884,0.0035630848745089334,0.0035630853723148666,0.6570588235294117,0.7367864693446088,0.7926356589147286,0.8093422306959006,0.3595413595413595,0.07119741100323623,0.005263157894736842,0.000667536704794118
222,0.6532877882152007,0.7333333333333333,0.022728308940865364,0.002571163810543077,0.0025711643091368783,0.3088235294117647,0.15433403805496826,0.12015503875968989,0.5710200190657769,0.8951678951678952,0.07928802588996763,0.04736842105263158,0.0005408917886226491
223,0.6532877882152007,0.8,0.1388774905393699,0.07828345449562119,0.07828345482606654,0.35294117647058826,0.4978858350951374,0.4573643410852712,0.671115347950429,0.4045864045864046,0.038834951456310676,0.02631578947368421,0.007835562801993852
224,0.6532877882152007,0.8666666666666667,1.0,0.4550698912802308,0.4550698916417409,0.4123529411764705,0.4883720930232558,0.4631782945736434,0.7569113441372736,0.48484848484848486,0.32362459546925565,0.010526315789473684,0.3792604680227144
225,0.6532877882152007,0.9333333333333333,0.23528473077098436,0.0010963338075412102,0.001096334306396753,0.41529411764705876,0.1786469344608879,0.1589147286821705,0.4756911344137273,0.17117117117117117,0.2783171521035599,0.015789473684210527,0.0008417618276930179
226,0.6584116140051238,0.0,0.023001869329321113,0.023231835445516127,0.023231835928002674,0.29,0.48625792811839313,0.4302325581395348,0.5328884652049571,0.4914004914004914,0.6472491909385113,0.005263157894736842,0.03884719957541877
227,0.6584116140051238,0.06666666666666667,0.047645100989376736,0.020086401545308604,0.020086402039815016,0.5341176470588235,0.5687103594080337,0.5775193798449612,0.7950428979980935,0.5077805077805078,0.06472491909385114,0.03684210526315789,0.0033605220248161868
228,0.6584116140051238,0.13333333333333333,0.011557926412255505,0.003902426291128832,0.0039024267880587668,0.5970588235294116,0.3128964059196617,0.32751937984496116,0.5710200190657769,0.6126126126126126,0.0,0.05263157894736842,0.0
229,0.6584116140051238,0.2,0.0,0.0007476866051501585,0.0007476871057612468,0.3264705882352942,0.5602536997885834,0.5096899224806201,0.5424213536701619,0.5282555282555282,0.0,0.010526315789473684,0.0
230,0.6584116140051238,0.26666666666666666,0.1071672821775407,0.05266317754081886,0.05266317817246752,0.8211764705882354,0.6236786469344607,0.7228682170542634,0.761677788369876,0.343980343980344,0.02588996763754045,0.015789473684210527,0.0035158238184430203
231,0.6584116140051238,0.3333333333333333,0.07664250216568641,0.03685769848209974,0.036857698981175635,0.7364705882352941,0.6109936575052853,0.6831395348837208,0.8188751191611062,0.5307125307125307,0.0,0.005263157894736842,0.0
232,0.6584116140051238,0.4,0.036679888752108696,0.04870854487790235,0.048708545343549306,0.3005882352941176,0.5866807610993657,0.5281007751937983,0.6520495710200191,0.5053235053235053,0.0,0.02631578947368421,0.0
233,0.6584116140051238,0.4666666666666667,0.03346555418775361,0.026612198018768192,0.026612198514155895,0.30823529411764694,0.6437632135306552,0.5833333333333331,0.8045757864632982,0.4520884520884521,0.006472491909385113,0.031578947368421054,0.0004448069589838574
234,0.6584116140051238,0.5333333333333333,0.03198376875028496,0.009514611258304075,0.009514611737555415,0.38529411764705884,0.595137420718816,0.5610465116279069,0.8379408960915157,0.44226044226044225,0.02588996763754045,0.03684210526315789,0.0006394779792248884
235,0.6584116140051238,0.6,0.015798112433319654,0.013795533744893564,0.013795534263439692,0.4988235294117647,0.5940803382663847,0.5930232558139533,0.880838894184938,0.29238329238329236,0.0,0.005263157894736842,0.0
236,0.6584116140051238,0.6666666666666666,0.02550950622349884,0.006042887534423576,0.006042888014127893,0.6576470588235294,0.47463002114164904,0.5125968992248061,0.6997140133460438,0.4095004095004095,0.02588996763754045,0.005263157894736842,0.00040804785079308955
237,0.6584116140051238,0.7333333333333333,0.022728308940865364,0.002349286730445451,0.0023492872285483762,0.30529411764705877,0.11627906976744182,0.08430232558139529,0.485224022878932,0.8533988533988534,0.06472491909385114,0.07368421052631578,0.0004045677009773345
238,0.6584116140051238,0.8,0.1388774905393699,0.06554509977942809,0.06554510041788644,0.36647058823529416,0.5687103594080337,0.5290697674418604,0.7092469018112489,0.4488124488124488,0.0517799352750809,0.02631578947368421,0.00874910279540698
239,0.6584116140051238,0.8666666666666667,1.0,0.5812657434839923,0.5812657444880032,0.4099999999999999,0.5179704016913318,0.49224806201550386,0.7998093422306959,0.5733005733005733,0.25889967637540456,0.021052631578947368,0.3875323548190047
240,0.6584116140051238,0.9333333333333333,0.23528473077098436,0.0002610318589383835,0.0002610323576811208,0.2970588235294117,0.11205073995771665,0.07751937984496123,0.47092469018112487,0.004914004914004914,0.038834951456310676,0.06842105263157895,3.393148454595611e-05
241,0.9470538001707942,0.0,0.023001869329321113,0.029875096255497984,0.029875113413318576,0.16999999999999993,0.4999999999999999,0.41182170542635643,0.5567206863679695,0.4725634725634726,0.14239482200647247,0.005263157894736842,0.0
242,0.9470538001707942,0.06666666666666667,0.047645100989376736,0.03457366971638889,0.034573656952394866,0.35,0.5443974630021141,0.5009689922480619,0.7283126787416588,0.36936936936936937,0.14239482200647247,0.021052631578947368,0.0
243,0.9470538001707942,0.26666666666666666,0.1071672821775407,0.11977446847387724,0.11977446622282313,0.351764705882353,0.4207188160676532,0.38275193798449597,0.642516682554814,0.33005733005733007,0.00517799352750809,0.06315789473684211,0.0
244,0.9470538001707942,0.3333333333333333,0.07664250216568641,0.0648142105744006,0.06481422800472987,0.4370588235294117,0.6289640591966174,0.6085271317829457,0.8427073403241181,0.49221949221949224,0.00517799352750809,0.005263157894736842,0.0
245,0.9470538001707942,0.4,0.036679888752108696,0.021000013051592947,0.02100000990962194,0.1294117647058823,0.657505285412262,0.5416666666666665,0.6377502383222116,0.5249795249795249,0.006472491909385114,0.005263157894736842,0.0
246,0.9470538001707942,0.4666666666666667,0.03346555418775361,0.04347485610618776,0.04347484811199808,0.2364705882352941,0.657505285412262,0.5746124031007751,0.828408007626311,0.44226044226044225,0.006472491909385114,0.005263157894736842,0.0
247,0.9470538001707942,0.4666666666666667,0.03346555418775361,0.04347485610618776,0.04347484811199808,0.2364705882352941,0.6564482029598308,0.5736434108527131,0.7950428979980935,0.4430794430794431,0.006472491909385114,0.02,0.0
248,0.9470538001707942,0.6,0.015798112433319654,0.017463031362977853,0.01746301233609658,0.3152941176470588,0.5348837209302325,0.48158914728682156,0.8427073403241181,0.3095823095823096,0.011650485436893204,0.005263157894736842,0.0
249,0.9470538001707942,0.7333333333333333,0.022728308940865364,0.00833996789308135,0.008339983918757692,0.2617647058823529,0.3097251585623678,0.25872093023255804,0.5805529075309818,0.7215397215397216,0.028478964401294497,0.02631578947368421,0.0
250,0.9470538001707942,0.7333333333333333,0.022728308940865364,0.00833996789308135,0.008339983918757692,0.2605882352941176,0.27801268498942916,0.22868217054263562,0.5757864632983793,0.7272727272727273,0.028478964401294497,0.031578947368421054,0.0
251,0.9470538001707942,0.8,0.1388774905393699,0.11263524713191246,0.11263511366221139,0.2852941176470588,0.5338266384778012,0.4728682170542635,0.6854146806482362,0.4135954135954136,0.08025889967637542,0.005263157894736842,0.0
252,0.9709649871904356,0.0,0.023001869329321113,0.030070870149701775,0.03006998728111546,0.32999999999999996,0.4207188160676532,0.37984496124031,0.4613918017159197,0.4651924651924652,0.14239482200647247,0.015789473684210527,0.0
253,0.9709649871904356,0.06666666666666667,0.047645100989376736,0.021587334734204308,0.021612240180659322,0.6594117647058824,0.4228329809725158,0.4544573643410852,0.6520495710200191,0.4406224406224406,0.14239482200647247,0.11052631578947368,0.0
254,0.9709649871904356,0.26666666666666666,0.1071672821775407,0.07992795520693301,0.07997760886353458,0.5176470588235295,0.29492600422832976,0.2926356589147286,0.5662535748331742,0.343980343980344,0.00517799352750809,0.06842105263157895,0.0
255,0.9709649871904356,0.3333333333333333,0.07664250216568641,0.04964825957008053,0.049672602222935604,0.7194117647058824,0.4207188160676532,0.46996124031007735,0.6949475691134414,0.48976248976248976,0.00517799352750809,0.015789473684210527,0.0
256,0.9709649871904356,0.3333333333333333,0.07664250216568641,0.04964825957008053,0.049672602222935604,0.7129411764705883,0.42494714587737836,0.4709302325581395,0.6854146806482362,0.4905814905814906,0.00517799352750809,0.031578947368421054,0.0
257,0.9709649871904356,0.4,0.036679888752108696,0.021326302875265924,0.021331083465058326,0.2311764705882353,0.6448202959830867,0.5610465116279069,0.5471877979027643,0.533988533988534,0.006472491909385114,0.005263157894736842,0.0
258,0.9709649871904356,0.4666666666666667,0.03346555418775361,0.03150654537386288,0.03155873513585515,0.524705882352941,0.5655391120507399,0.5736434108527131,0.7140133460438514,0.43734643734643736,0.006472491909385114,0.05789473684210526,0.0
259,0.9709649871904356,0.6,0.015798112433319654,0.011407092235607355,0.011435288901200377,0.7617647058823529,0.46723044397463,0.5329457364341084,0.7855100095328887,0.2784602784602785,0.011650485436893204,0.010526315789473684,0.0
260,0.9709649871904356,0.7333333333333333,0.022728308940865364,0.002793040890640703,0.002737867223510601,0.6388235294117647,0.32875264270613097,0.35271317829457355,0.5614871306005718,0.764946764946765,0.028478964401294497,0.05789473684210526,0.0
261,0.9709649871904356,0.8,0.1388774905393699,0.10329030658191832,0.10326291586707922,0.7841176470588235,0.39429175475687095,0.45542635658914715,0.5853193517635841,0.37428337428337427,0.08025889967637542,0.03684210526315789,0.0
262,0.9948761742100769,0.0,0.023001869329321113,0.02889622678447905,0.0288946600273736,0.23,0.5116279069767441,0.4379844961240309,0.5948522402287892,0.49303849303849306,0.14239482200647247,0.02631578947368421,0.0
263,0.9948761742100769,0.06666666666666667,0.047645100989376736,0.01636669755543664,0.016367054240430935,0.45882352941176474,0.5084566596194502,0.49515503875968986,0.8331744518589134,0.4668304668304668,0.14239482200647247,0.05263157894736842,0.0
264,0.9948761742100769,0.26666666666666666,0.1071672821775407,0.0658322348242603,0.06583219968026488,0.3888235294117647,0.32980972515856233,0.30232558139534876,0.6663489037178263,0.36363636363636365,0.00517799352750809,0.06842105263157895,0.0
265,0.9948761742100769,0.26666666666666666,0.1071672821775407,0.0658322348242603,0.06583219968026488,0.3894117647058824,0.3255813953488372,0.2984496124031007,0.671115347950429,0.3628173628173628,0.00517799352750809,0.005263157894736842,0.0
266,0.9948761742100769,0.3333333333333333,0.07664250216568641,0.04494968610918963,0.044998947966879733,0.5441176470588235,0.46723044397463,0.47577519379844957,0.7807435653002863,0.5077805077805078,0.00517799352750809,0.005263157894736842,0.0
267,0.9948761742100769,0.4,0.036679888752108696,0.0201516595100432,0.020151147084831202,0.1829411764705882,0.668076109936575,0.5668604651162789,0.671115347950429,0.5405405405405406,0.006472491909385114,0.015789473684210527,0.0
268,0.9948761742100769,0.4666666666666667,0.03346555418775361,0.027982615278194706,0.027982052983291685,0.3288235294117647,0.6659619450317124,0.6124031007751937,0.8617731172545284,0.4398034398034398,0.006472491909385114,0.042105263157894736,0.0
269,0.9948761742100769,0.6,0.015798112433319654,0.008274709928346755,0.008273428132310507,0.5758823529411764,0.5613107822410147,0.5804263565891472,0.9666348903717825,0.26617526617526616,0.011650485436893204,0.031578947368421054,0.0
270,0.9948761742100769,0.7333333333333333,0.022728308940865364,0.0005742700896644436,0.0005761869019226279,0.45352941176470596,0.17758985200845662,0.1647286821705426,0.6568160152526215,0.963963963963964,0.028478964401294497,0.005263157894736842,0.0
271,0.9948761742100769,0.8,0.1388774905393699,0.050300839217426487,0.05029944342493126,0.5152941176470587,0.5021141649048625,0.50484496124031,0.814108674928503,0.4561834561834562,0.08025889967637542,0.010526315789473684,0.0
272,1.0,0.0,0.023001869329321113,0.025241780759341678,0.02523962272456067,0.27058823529411763,0.4704016913319239,0.4098837209302325,0.5614871306005718,0.4856674856674857,0.14239482200647247,0.005263157894736842,0.008441544320046991
273,1.0,0.06666666666666667,0.047645100989376736,0.01923804800375886,0.019261585673175596,0.5641176470588235,0.48097251585623674,0.49515503875968986,0.7807435653002863,0.4782964782964783,0.14239482200647247,0.03684210526315789,0.008441544320046991
274,1.0,0.26666666666666666,0.1071672821775407,0.059697986139208285,0.05969745232838089,0.5076470588235293,0.2790697674418604,0.27519379844961234,0.6615824594852239,0.35626535626535627,0.00517799352750809,0.05789473684210526,0.000703164763688604
275,1.0,0.26666666666666666,0.1071672821775407,0.059697986139208285,0.05969745232838089,0.5082352941176471,0.2632135306553911,0.25872093023255804,0.6663489037178263,0.35626535626535627,0.00517799352750809,0.06315789473684211,0.000703164763688604
276,1.0,0.3333333333333333,0.07664250216568641,0.07692608882914159,0.076926367130291,0.67,0.4661733615221987,0.5067829457364341,0.7998093422306959,0.47911547911547914,0.00517799352750809,0.015789473684210527,0.000703164763688604
277,1.0,0.4,0.036679888752108696,0.025763844477218443,0.025765063143880565,0.26941176470588235,0.562367864693446,0.5106589147286821,0.6186844613918017,0.49467649467649466,0.006472491909385114,0.021052631578947368,0.0007921261554853755
278,1.0,0.4666666666666667,0.03346555418775361,0.031245513514924498,0.031245314534857318,0.4341176470588235,0.6120507399577166,0.5939922480620154,0.8379408960915157,0.41113841113841115,0.006472491909385114,0.031578947368421054,0.00021685698764174912
279,1.0,0.6,0.015798112433319654,0.017410824991190177,0.017353407308277044,0.62,0.5613107822410147,0.5939922480620154,0.9189704480457579,0.2809172809172809,0.011650485436893204,0.015789473684210527,0.00029846655780036704
280,1.0,0.7333333333333333,0.022728308940865364,0.015322570119683106,0.015320782528276412,0.6652941176470587,0.39640591966173355,0.4312015503875968,0.623450905624404,0.42342342342342343,0.028478964401294497,0.14736842105263157,0.001912343669435481
281,1.0,0.8,0.1388774905393699,0.13696341638496978,0.13696484872731646,0.6429411764705882,0.42706131078224097,0.4573643410852712,0.6854146806482362,0.30303030303030304,0.08025889967637542,0.08421052631578947,0.07941881463323643
